28
23
5
18
78
61
17
19
44
36
8
20
86
63
23
21
36
30
6
22
23
17
6
23
28
24
4
24
0
0
0
25
21
17
4
26
175
129
46
27
115
90
25
28
117
102
15
29
109
95
14
30
82
66
16
31
64
49
15
1
43
28
15
2
76
65
11
3
53
39
14
4
92
76
16
5
25
22
3
6
129
105
24
7
41
30
11
8
41
36
5
9
42
35
7
10
155
124
31
11
26
21
5
12
19
16
3
13
21
13
8
14
24
19
5
15
26
22
4
16
43
35
8
17
30
19
11
18
37
34
3
19
32
25
7
20
16
13
3
21
53
36
17
22
24
22
2
23
15
12
3
24
20
11
9
25
23
14
9
26
26
20
6
27
7
6
1
28
14
11
3
29
41
30
11
30
62
53
9
1
43
36
7
2
21
14
7
3
20
17
3
4
22
18
4
5
9
8
1
6
16
12
4
7
23
20
3
8
30
26
4
9
17
14
3
10
19
12
7
11
26
24
2
12
14
12
2
13
4
4
0
14
38
28
10
15
10
8
2
16
12
8
4
17
10
8
2
18
13
8
5
19
11
6
5
20
15
14
1
21
17
10
7
22
6
5
1
23
24
20
4
24
24
18
6
25
14
12
2
26
17
13
4
27
8
7
1
28
12
10
2
29
8
7
1
30
12
10
2
31
8
5
3
1
15
13
2
2
20
17
3
3
14
12
2
4
18
14
4
5
24
21
3
6
6
5
1
7
15
10
5
8
3
3
0
9
14
11
3
10
24
22
2
11
19
18
1
12
15
11
4
13
14
13
1
14
28
20
8
15
2
2
0
16
10
8
2
17
11
9
2
18
15
12
3
19
13
11
2
20
25
21
4
21
29
23
6
22
10
9
1
23
18
18
0
24
17
15
2
25
23
22
1
26
20
19
1
27
14
12
2
28
25
21
4
29
5
5
0
30
12
11
1
31
23
22
1
1
32
28
4
2
6
5
1
3
13
11
2
4
12
6
6
5
5
4
1
6
9
9
0
7
22
18
4
8
2
2
0
9
15
14
1
10
15
14
1
11
26
23
3
12
7
5
2
13
7
7
0
14
20
13
7
15
14
11
3
16
11
10
1
17
9
7
2
18
18
17
1
19
0
0
0
20
8
7
1
21
6
3
3
22
11
10
1
23
12
12
0
24
12
11
1
25
15
13
2
26
13
12
1
27
15
13
2
28
15
13
2
29
12
10
2
30
33
29
4
1
34
24
10
2
29
25
4
3
7
6
1
4
24
21
3
5
20
20
0
6
24
22
2
7
28
23
5
8
40
34
6
9
26
20
6
10
31
24
7
11
32
29
3
12
36
31
5
13
46
39
7
14
21
18
3
15
23
17
6
16
23
20
3
17
47
39
8
18
46
33
13
19
12
11
1
20
52
33
19
21
28
19
9
22
31
26
5
23
35
26
9
24
13
10
3
25
45
31
14
26
31
21
10
27
28
23
5
28
56
38
18
29
27
17
10
30
32
20
12
31
25
19
6
1
15
12
3
2
34
26
8
3
24
17
7
4
22
12
10
5
43
26
17
6
26
16
10
7
27
18
9
8
8
7
1
9
31
22
9
10
27
19
8
11
42
27
15
12
31
25
6
13
44
26
18
14
18
7
11
15
27
18
9
16
31
14
17
17
10
7
3
18
38
28
10
19
41
29
12
20
27
15
12
21
24
12
12
22
49
29
20
23
39
26
13
24
5
1
4
25
33
17
16
26
33
18
15
27
47
31
16
28
27
16
11
29
36
18
18
30
17
10
7
1
30
16
14
2
29
18
11
3
23
16
7
4
49
31
18
5
13
6
7
6
20
12
8
7
28
13
15
8
36
21
15
9
26
12
14
10
28
9
19
11
39
25
14
12
16
10
6
13
51
37
14
14
4
1
3
15
33
16
17
16
24
14
10
17
47
33
14
18
46
25
21
19
30
17
13
20
52
37
15
21
-1
